(1,0) (2,21) (2,21) (2,21) (1,1)
(1,15) (2,21) (2,21) (2,21) (3,0) (2,21) (2,21) (2,21) (2,13) (2,21) (2,21) (2,21) (3,1) (2,21) (2,21) (2,21) (2,13) (2,21) (2,21) (2,21) (3,2) (2,21) (2,21) (2,21) (2,13) (2,21) (2,21) (2,21) (3,3) (2,21) (2,21) (2,21) (2,13) (2,21) (2,21) (2,21) (3,4) (2,21) (2,21) (2,21) (2,13) (2,21) (2,21) (2,21) (3,5) (2,21) (2,21) (2,21) (2,13) (2,21) (2,21) (2,21) (3,6)
(1,2)
(1,4) (2,21) (2,21) (2,21) (3,0) (2,21) (2,21) (2,21) (2,18) (2,21) (2,21) (2,21) (4,0) (2,21) (2,21) (2,21) (2,12)
(3,1) (2,21) (2,21) (2,21) (2,18) (2,21) (2,21) (2,21) (3,0) (2,21) (2,21) (2,21) (2,8) (2,21) (2,21) (2,21) (4,1) (2,21) (2,21) (2,21) (2,12)
(3,2) (2,21) (2,21) (2,21) (2,18) (2,21) (2,21) (2,21) (4,2) (2,21) (2,21) (2,21) (2,8) (2,21) (2,21) (2,21) (4,3) (2,21) (2,21) (2,21) (2,12)
(3,0) (2,21) (2,21) (2,21) (2,18) (2,21) (2,21) (2,21) (3,1) (2,21) (2,21) (2,21) (2,4) (2,21) (2,21) (2,21) (3,2) (2,21) (2,21) (2,21) (2,12)
(3,0) (2,21) (2,21) (2,21) (2,18) (2,21) (2,21) (2,21) (4,4) (2,21) (2,21) (2,21) (2,5) (2,21) (2,21) (2,21) (4,5) (2,21) (2,21) (2,21) (2,12)
(1,13) (2,21) (2,21) (2,21) (2,14) (2,21) (2,21) (2,21) (3,3) (2,21) (2,21) (2,21) (2,15) (2,21) (2,21) (2,21) (2,12)
(1,13) (2,21) (2,21) (2,21) (2,14) (2,21) (2,21) (2,21) (3,3) (2,21) (2,21) (2,21) (3,4) (2,21) (2,21) (2,21) (2,15) (2,21) (2,21) (2,21) (2,12)
(1,13) (2,21) (2,21) (2,21) (2,14) (2,21) (2,21) (2,21) (3,3) (2,21) (2,21) (2,21) (3,4) (2,21) (2,21) (2,21) (3,2) (2,21) (2,21) (2,21) (2,15) (2,21) (2,21) (2,21) (2,12)
(1,14) (2,21) (2,21) (2,21) (2,14) (2,21) (2,21) (2,21) (3,3) (2,21) (2,21) (2,21) (2,8) (2,21) (2,21) (2,21) (3,4) (2,21) (2,21) (2,21) (3,2) (2,21) (2,21) (2,21) (2,15) (2,21) (2,21) (2,21) (2,12)
(1,14) (2,21) (2,21) (2,21) (2,14) (2,21) (2,21) (2,21) (4,6) (2,21) (2,21) (2,21) (2,8) (2,21) (2,21) (2,21) (3,4) (2,21) (2,21) (2,21) (2,15) (2,21) (2,21) (2,21) (2,12)
(1,14) (2,21) (2,21) (2,21) (2,14) (2,21) (2,21) (2,21) (3,3) (2,21) (2,21) (2,21) (2,5) (2,21) (2,21) (2,21) (3,4) (2,21) (2,21) (2,21) (2,15) (2,21) (2,21) (2,21) (2,12)
(1,14) (2,21) (2,21) (2,21) (2,14) (2,21) (2,21) (2,21) (3,3) (2,21) (2,21) (2,21) (2,15) (2,21) (2,21) (2,21) (2,12)
(1,10) (2,21) (2,21) (2,21) (1,11)
(3,0) (2,21) (2,21) (2,21) (2,18) (2,21) (2,21) (2,21) (3,1)
(1,14) (2,21) (2,21) (2,21) (2,14) (2,21) (2,21) (2,21) (3,3) (2,21) (2,21) (2,21) (2,15)
(1,12) (2,21) (2,21) (2,21) (2,12)
(1,5)
(3,0) (2,21) (2,21) (2,21) (2,3) (2,21) (2,21) (2,21) (4,3)
(1,6)
(1,10) (2,21) (2,21) (2,21) (1,11)
(3,0) (2,21) (2,21) (2,21) (2,18) (2,21) (2,21) (2,21) (3,1)
(1,14) (2,21) (2,21) (2,21) (2,14) (2,21) (2,21) (2,21) (3,3) (2,21) (2,21) (2,21) (2,15)
(1,12)
(1,8) (2,21) (2,21) (2,21) (2,12)
(1,5)
(3,1) (2,21) (2,21) (2,21) (2,1) (2,21) (2,21) (2,21) (4,4)
(1,6)
(1,14) (2,21) (2,21) (2,21) (2,14) (2,21) (2,21) (2,21) (3,0) (2,21) (2,21) (2,21) (2,15)
(1,7)
(1,10) (2,21) (2,21) (2,21) (1,11)
(3,0) (2,21) (2,21) (2,21) (2,18) (2,21) (2,21) (2,21) (3,1)
(1,14) (2,21) (2,21) (2,21) (2,14) (2,21) (2,21) (2,21) (3,3) (2,21) (2,21) (2,21) (2,15)
(1,12)
(1,8) (2,21) (2,21) (2,21) (2,12)
(1,5)
(3,1) (2,21) (2,21) (2,21) (2,1) (2,21) (2,21) (2,21) (4,4)
(1,6)
(1,14) (2,21) (2,21) (2,21) (2,14) (2,21) (2,21) (2,21) (3,0) (2,21) (2,21) (2,21) (2,15)
(1,7)
(1,4) (2,21) (2,21) (2,21) (3,2) (2,21) (2,21) (2,21) (2,18) (2,21) (2,21) (2,21) (3,0) (2,21) (2,21) (2,21) (2,8) (2,21) (2,21) (2,21) (4,0)
(1,7)
(1,4) (2,21) (2,21) (2,21) (3,2) (2,21) (2,21) (2,21) (2,18) (2,21) (2,21) (2,21) (3,0) (2,21) (2,21) (2,21) (2,8) (2,21) (2,21) (2,21) (4,0)
(1,8) (2,21) (2,21) (2,21) (2,12)
(1,10) (2,21) (2,21) (2,21) (1,11)
(3,0) (2,21) (2,21) (2,21) (2,18) (2,21) (2,21) (2,21) (3,1)
(1,5)
(3,1) (2,21) (2,21) (2,21) (2,1) (2,21) (2,21) (2,21) (4,4)
(1,6)
(1,4) (2,21) (2,21) (2,21) (3,2) (2,21) (2,21) (2,21) (2,18) (2,21) (2,21) (2,21) (3,0) (2,21) (2,21) (2,21) (2,8) (2,21) (2,21) (2,21) (4,0)
(1,7)
(1,4) (2,21) (2,21) (2,21) (3,2) (2,21) (2,21) (2,21) (2,18) (2,21) (2,21) (2,21) (3,0) (2,21) (2,21) (2,21) (2,8) (2,21) (2,21) (2,21) (4,0)
(1,8)
(1,12) (2,21) (2,21) (2,21) (2,12)
(1,9)
(2,14) (2,21) (2,21) (2,21) (3,0) (2,21) (2,21) (2,21) (2,4) (2,21) (2,21) (2,21) (4,7) (2,21) (2,21) (2,21) (2,12) (2,21) (2,21) (2,21) (3,0) (2,21) (2,21) (2,21) (2,2) (2,21) (2,21) (2,21) (4,4) (2,21) (2,21) (2,21) (2,12) (2,21) (2,21) (2,21) (3,0) (2,21) (2,21) (2,21) (2,18) (2,21) (2,21) (2,21) (3,0) (2,21) (2,21) (2,21) (2,8) (2,21) (2,21) (2,21) (4,0) (2,21) (2,21) (2,21) (2,15)
(1,9)
(2,14) (2,21) (2,21) (2,21) (3,0) (2,21) (2,21) (2,21) (2,4) (2,21) (2,21) (2,21) (4,7) (2,21) (2,21) (2,21) (2,12) (2,21) (2,21) (2,21) (3,0) (2,21) (2,21) (2,21) (2,2) (2,21) (2,21) (2,21) (4,4) (2,21) (2,21) (2,21) (2,12) (2,21) (2,21) (2,21) (3,0) (2,21) (2,21) (2,21) (2,18) (2,21) (2,21) (2,21) (3,0) (2,21) (2,21) (2,21) (2,8) (2,21) (2,21) (2,21) (4,0) (2,21) (2,21) (2,21) (2,15)
(1,10) (2,21) (2,21) (2,21) (1,11)
(3,0) (2,21) (2,21) (2,21) (2,18) (2,21) (2,21) (2,21) (3,1)
(1,5)
(3,1) (2,21) (2,21) (2,21) (2,1) (2,21) (2,21) (2,21) (4,4)
(1,6)
(1,4) (2,21) (2,21) (2,21) (3,2) (2,21) (2,21) (2,21) (2,18) (2,21) (2,21) (2,21) (3,0) (2,21) (2,21) (2,21) (2,8) (2,21) (2,21) (2,21) (4,0)
(1,7)
(1,4) (2,21) (2,21) (2,21) (3,2) (2,21) (2,21) (2,21) (2,18) (2,21) (2,21) (2,21) (3,0) (2,21) (2,21) (2,21) (2,8) (2,21) (2,21) (2,21) (4,0)
(1,8)
(1,12)
(1,3) (2,21) (2,21) (2,21) (2,20)